0
0
0
0
0
0
0
0
0
0
0
0
0
0
0
0
0
0
0
0
0
0
0
0
0
-1.91837e-08
-1.91837e-08
-1.91837e-08
-1.91837e-08
-1.91837e-08
-1.91837e-08
-1.91837e-08
-1.91837e-08
-1.91837e-08
-1.91837e-08
-1.91837e-08
-1.91837e-08
-1.91837e-08
-1.91837e-08
-1.91837e-08
-1.91837e-08
-1.91837e-08
-1.91837e-08
-1.91837e-08
-1.91837e-08
-1.91837e-08
-1.91837e-08
-1.91837e-08
-1.91837e-08
-1.91837e-08
-3.83674e-08
-3.83674e-08
-3.83674e-08
-3.83674e-08
-3.83674e-08
-3.83674e-08
-3.83674e-08
-3.83674e-08
-3.83674e-08
-3.83674e-08
-3.83674e-08
-3.83674e-08
-3.83674e-08
-3.83674e-08
-3.83674e-08
-3.83674e-08
-3.83674e-08
-3.83674e-08
-3.83674e-08
-3.83674e-08
-3.83674e-08
-3.83674e-08
-3.83674e-08
-3.83674e-08
-3.83674e-08
-5.7551e-08
-5.7551e-08
-5.7551e-08
-5.7551e-08
-5.7551e-08
-5.7551e-08
-5.7551e-08
-5.7551e-08
-5.7551e-08
-5.7551e-08
-5.7551e-08
-5.7551e-08
-5.7551e-08
-5.7551e-08
-5.7551e-08
-5.7551e-08
-5.7551e-08
-5.7551e-08
-5.7551e-08
-5.7551e-08
-5.7551e-08
-5.7551e-08
-5.7551e-08
-5.7551e-08
-5.7551e-08
-7.67347e-08
-7.67347e-08
-7.67347e-08
-7.67347e-08
-7.67347e-08
-7.67347e-08
-7.67347e-08
-7.67347e-08
-7.67347e-08
-7.67347e-08
-7.67347e-08
-7.67347e-08
-7.67347e-08
-7.67347e-08
-7.67347e-08
-7.67347e-08
-7.67347e-08
-7.67347e-08
-7.67347e-08
-7.67347e-08
-7.67347e-08
-7.67347e-08
-7.67347e-08
-7.67347e-08
-7.67347e-08
-9.59184e-08
-9.59184e-08
-9.59184e-08
-9.59184e-08
-9.59184e-08
-9.59184e-08
-9.59184e-08
-9.59184e-08
-9.59184e-08
-9.59184e-08
-9.59184e-08
-9.59184e-08
-9.59184e-08
-9.59184e-08
-9.59184e-08
-9.59184e-08
-9.59184e-08
-9.59184e-08
-9.59184e-08
-9.59184e-08
-9.59184e-08
-9.59184e-08
-9.59184e-08
-9.59184e-08
-9.59184e-08
-1.15102e-07
-1.15102e-07
-1.15102e-07
-1.15102e-07
-1.15102e-07
-1.15102e-07
-1.15102e-07
-1.15102e-07
-1.15102e-07
-1.15102e-07
-1.15102e-07
-1.15102e-07
-1.15102e-07
-1.15102e-07
-1.15102e-07
-1.15102e-07
-1.15102e-07
-1.15102e-07
-1.15102e-07
-1.15102e-07
-1.15102e-07
-1.15102e-07
-1.15102e-07
-1.15102e-07
-1.15102e-07
-1.34286e-07
-1.34286e-07
-1.34286e-07
-1.34286e-07
-1.34286e-07
-1.34286e-07
-1.34286e-07
-1.34286e-07
-1.34286e-07
-1.34286e-07
-1.34286e-07
-1.34286e-07
-1.34286e-07
-1.34286e-07
-1.34286e-07
-1.34286e-07
-1.34286e-07
-1.34286e-07
-1.34286e-07
-1.34286e-07
-1.34286e-07
-1.34286e-07
-1.34286e-07
-1.34286e-07
-1.34286e-07
-1.53469e-07
-1.53469e-07
-1.53469e-07
-1.53469e-07
-1.53469e-07
-1.53469e-07
-1.53469e-07
-1.53469e-07
-1.53469e-07
-1.53469e-07
-1.53469e-07
-1.53469e-07
-1.53469e-07
-1.53469e-07
-1.53469e-07
-1.53469e-07
-1.53469e-07
-1.53469e-07
-1.53469e-07
-1.53469e-07
-1.53469e-07
-1.53469e-07
-1.53469e-07
-1.53469e-07
-1.53469e-07
-1.72653e-07
-1.72653e-07
-1.72653e-07
-1.72653e-07
-1.72653e-07
-1.72653e-07
-1.72653e-07
-1.72653e-07
-1.72653e-07
-1.72653e-07
-1.72653e-07
-1.72653e-07
-1.72653e-07
-1.72653e-07
-1.72653e-07
-1.72653e-07
-1.72653e-07
-1.72653e-07
-1.72653e-07
-1.72653e-07
-1.72653e-07
-1.72653e-07
-1.72653e-07
-1.72653e-07
-1.72653e-07
-1.91837e-07
-1.91837e-07
-1.91837e-07
-1.91837e-07
-1.91837e-07
-1.91837e-07
-1.91837e-07
-1.91837e-07
-1.91837e-07
-1.91837e-07
-1.91837e-07
-1.91837e-07
-1.91837e-07
-1.91837e-07
-1.91837e-07
-1.91837e-07
-1.91837e-07
-1.91837e-07
-1.91837e-07
-1.91837e-07
-1.91837e-07
-1.91837e-07
-1.91837e-07
-1.91837e-07
-1.91837e-07
-2.11021e-07
-2.11021e-07
-2.11021e-07
-2.11021e-07
-2.11021e-07
-2.11021e-07
-2.11021e-07
-2.11021e-07
-2.11021e-07
-2.11021e-07
-2.11021e-07
-2.11021e-07
-2.11021e-07
-2.11021e-07
-2.11021e-07
-2.11021e-07
-2.11021e-07
-2.11021e-07
-2.11021e-07
-2.11021e-07
-2.11021e-07
-2.11021e-07
-2.11021e-07
-2.11021e-07
-2.11021e-07
-2.30204e-07
-2.30204e-07
-2.30204e-07
-2.30204e-07
-2.30204e-07
-2.30204e-07
-2.30204e-07
-2.30204e-07
-2.30204e-07
-2.30204e-07
-2.30204e-07
-2.30204e-07
-2.30204e-07
-2.30204e-07
-2.30204e-07
-2.30204e-07
-2.30204e-07
-2.30204e-07
-2.30204e-07
-2.30204e-07
-2.30204e-07
-2.30204e-07
-2.30204e-07
-2.30204e-07
-2.30204e-07
-2.49388e-07
-2.49388e-07
-2.49388e-07
-2.49388e-07
-2.49388e-07
-2.49388e-07
-2.49388e-07
-2.49388e-07
-2.49388e-07
-2.49388e-07
-2.49388e-07
-2.49388e-07
-2.49388e-07
-2.49388e-07
-2.49388e-07
-2.49388e-07
-2.49388e-07
-2.49388e-07
-2.49388e-07
-2.49388e-07
-2.49388e-07
-2.49388e-07
-2.49388e-07
-2.49388e-07
-2.49388e-07
-2.68572e-07
-2.68572e-07
-2.68572e-07
-2.68572e-07
-2.68572e-07
-2.68572e-07
-2.68572e-07
-2.68572e-07
-2.68572e-07
-2.68572e-07
-2.68572e-07
-2.68572e-07
-2.68572e-07
-2.68572e-07
-2.68572e-07
-2.68572e-07
1.57275e+06
-1.57272e+06
1.57275e+06
-1.57272e+06
1.57275e+06
-1.57272e+06
1.58303e+06
-1.57478e+06
1.6262e+06
-1.59328e+06
1.64471e+06
-1.63645e+06
1.64676e+06
-1.64673e+06
1.64676e+06
-1.64673e+06
1.64676e+06
-1.64673e+06
1.64985e+06
-1.64724e+06
1.66527e+06
-1.65444e+06
-2.87755e-07
-2.87755e-07
-2.87755e-07
-2.87755e-07
1.68377e+06
-1.68374e+06
1.68377e+06
-1.68374e+06
1.68583e+06
-1.68374e+06
1.70433e+06
-1.69402e+06
1.7475e+06
-1.73719e+06
1.75778e+06
-1.75569e+06
1.75778e+06
-1.75775e+06
1.75778e+06
-1.75775e+06
1.7583e+06
-1.75775e+06
1.76549e+06
-1.76083e+06
1.78708e+06
-1.77625e+06
-3.06939e-07
-3.06939e-07
-3.06939e-07
-3.06939e-07
1.79479e+06
-1.79475e+06
1.79479e+06
-1.79475e+06
1.80507e+06
-1.79681e+06
1.84824e+06
-1.81531e+06
1.86674e+06
-1.85848e+06
1.8688e+06
-1.86876e+06
1.8688e+06
-1.86876e+06
1.8688e+06
-1.86876e+06
1.87188e+06
-1.86928e+06
1.8873e+06
-1.87647e+06
1.90272e+06
-1.89806e+06
-3.26123e-07
-3.26123e-07
-3.26123e-07
-3.26123e-07
1.90581e+06
-1.90577e+06
1.90786e+06
-1.90577e+06
1.92636e+06
-1.91605e+06
1.96954e+06
-1.95922e+06
1.97982e+06
-1.97772e+06
1.97982e+06
-1.97978e+06
1.97982e+06
-1.97978e+06
1.98033e+06
-1.97978e+06
1.98753e+06
-1.98286e+06
2.00911e+06
-1.99828e+06
2.01631e+06
-2.0137e+06
-3.45306e-07
-3.45306e-07
-3.45306e-07
-3.45306e-07
2.01682e+06
-2.01678e+06
2.0271e+06
-2.01884e+06
2.07028e+06
-2.03734e+06
2.08878e+06
-2.08051e+06
2.09084e+06
-2.09079e+06
2.09084e+06
-2.09079e+06
2.09084e+06
-2.09079e+06
2.09392e+06
-2.09131e+06
2.10934e+06
-2.0985e+06
2.12476e+06
-2.12009e+06
2.12784e+06
-2.12728e+06
-3.6449e-07
-3.6449e-07
-3.6449e-07
-3.6449e-07
2.1299e+06
-2.1278e+06
2.1484e+06
-2.13808e+06
2.19157e+06
-2.18125e+06
2.20185e+06
-2.19975e+06
2.20185e+06
-2.20181e+06
2.20185e+06
-2.20181e+06
2.20237e+06
-2.20181e+06
2.20956e+06
-2.20489e+06
2.23115e+06
-2.22031e+06
2.23834e+06
-2.23573e+06
2.23886e+06
-2.23881e+06
-3.83674e-07
-3.83674e-07
-3.83674e-07
-3.83674e-07
2.24914e+06
-2.24087e+06
2.29231e+06
-2.25937e+06
2.31081e+06
-2.30255e+06
2.31287e+06
-2.31282e+06
2.31287e+06
-2.31282e+06
2.31287e+06
-2.31282e+06
2.31595e+06
-2.31334e+06
2.33137e+06
-2.32053e+06
2.34679e+06
-2.34212e+06
2.34988e+06
-2.34932e+06
2.34988e+06
-2.34983e+06
-4.02857e-07
-4.02857e-07
-4.02857e-07
-4.02857e-07
2.37044e+06
-2.36011e+06
2.41361e+06
-2.40328e+06
2.42389e+06
-2.42178e+06
2.42389e+06
-2.42384e+06
2.42389e+06
-2.42384e+06
2.4244e+06
-2.42384e+06
2.4316e+06
-2.42692e+06
2.45318e+06
-2.44234e+06
2.46038e+06
-2.45776e+06
2.46089e+06
-2.46085e+06
2.46089e+06
-2.46085e+06
-4.22041e-07
-4.22041e-07
-4.22041e-07
-4.22041e-07
2.51435e+06
-2.4814e+06
2.53285e+06
-2.52458e+06
2.53491e+06
-2.53486e+06
2.53491e+06
-2.53486e+06
2.53491e+06
-2.53486e+06
2.53799e+06
-2.53537e+06
2.55341e+06
-2.54256e+06
2.56883e+06
-2.56415e+06
2.57191e+06
-2.57135e+06
2.57191e+06
-2.57186e+06
2.57191e+06
-2.57186e+06
-4.41225e-07
-4.41225e-07
-4.41225e-07
-4.41225e-07
2.63564e+06
-2.62531e+06
2.64592e+06
-2.64382e+06
2.64592e+06
-2.64587e+06
2.64592e+06
-2.64587e+06
2.64644e+06
-2.64587e+06
2.65363e+06
-2.64895e+06
2.67522e+06
-2.66437e+06
2.68242e+06
-2.67979e+06
2.68293e+06
-2.68288e+06
2.68293e+06
-2.68288e+06
2.68293e+06
-2.68288e+06
-4.60408e-07
-4.60408e-07
-4.60408e-07
-4.79592e-07
2.75489e+06
-2.74661e+06
2.75694e+06
-2.75689e+06
2.75694e+06
-2.75689e+06
2.75694e+06
-2.75689e+06
2.76003e+06
-2.7574e+06
2.77544e+06
-2.7646e+06
2.79086e+06
-2.78618e+06
2.79395e+06
-2.79338e+06
2.79395e+06
-2.79389e+06
2.79395e+06
-2.79389e+06
2.796e+06
-2.79389e+06
-4.79592e-07
-4.79592e-07
-4.98776e-07
-4.98776e-07
-4.98776e-07
-4.98776e-07
-4.98776e-07
-4.98776e-07
-4.98776e-07
-4.98776e-07
-4.98776e-07
-4.98776e-07
-4.98776e-07
-4.98776e-07
-4.98776e-07
-4.98776e-07
-4.98776e-07
-4.98776e-07
-4.98776e-07
-4.98776e-07
-4.98776e-07
-4.98776e-07
-4.98776e-07
-4.98776e-07
-4.98776e-07
-4.98776e-07
-4.98776e-07
-5.17959e-07
-5.17959e-07
-5.17959e-07
-5.17959e-07
-5.17959e-07
-5.17959e-07
-5.17959e-07
-5.17959e-07
-5.17959e-07
-5.17959e-07
-5.17959e-07
-5.17959e-07
-5.17959e-07
-5.17959e-07
-5.17959e-07
-5.17959e-07
-5.17959e-07
-5.17959e-07
-5.17959e-07
-5.17959e-07
-5.17959e-07
-5.17959e-07
-5.17959e-07
-5.17959e-07
-5.17959e-07
-5.37143e-07
-5.37143e-07
-5.37143e-07
-5.37143e-07
3.09e+06
-3.08993e+06
3.09e+06
-3.08993e+06
3.09051e+06
-3.08993e+06
3.0977e+06
-3.09302e+06
3.11929e+06
-3.10844e+06
3.12649e+06
-3.12385e+06
3.127e+06
-3.12694e+06
3.127e+06
-3.12694e+06
3.127e+06
-3.12694e+06
3.13728e+06
-3.12899e+06
3.18045e+06
-3.1475e+06
-5.56327e-07
-5.56327e-07
-5.56327e-07
-5.56327e-07
3.20101e+06
-3.20095e+06
3.20101e+06
-3.20095e+06
3.2041e+06
-3.20146e+06
3.21952e+06
-3.20866e+06
3.23494e+06
-3.23024e+06
3.23802e+06
-3.23744e+06
3.23802e+06
-3.23795e+06
3.23802e+06
-3.23795e+06
3.24007e+06
-3.23795e+06
3.25858e+06
-3.24823e+06
3.30175e+06
-3.29141e+06
-5.7551e-07
-5.7551e-07
-5.7551e-07
-5.7551e-07
3.31203e+06
-3.31196e+06
3.31254e+06
-3.31196e+06
3.31974e+06
-3.31505e+06
3.34133e+06
-3.33047e+06
3.34852e+06
-3.34589e+06
3.34904e+06
-3.34897e+06
3.34904e+06
-3.34897e+06
3.34904e+06
-3.34897e+06
3.35932e+06
-3.35103e+06
3.40249e+06
-3.36953e+06
3.42099e+06
-3.4127e+06
-5.94694e-07
-5.94694e-07
-5.94694e-07
-5.94694e-07
3.42305e+06
-3.42298e+06
3.42613e+06
-3.42349e+06
3.44155e+06
-3.43069e+06
3.45697e+06
-3.45228e+06
3.46005e+06
-3.45947e+06
3.46005e+06
-3.45999e+06
3.46005e+06
-3.45999e+06
3.46211e+06
-3.45999e+06
3.48061e+06
-3.47026e+06
3.52379e+06
-3.51344e+06
3.53407e+06
-3.53194e+06
-6.13878e-07
-6.13878e-07
-6.13878e-07
-6.13878e-07
3.53458e+06
-3.534e+06
3.54178e+06
-3.53708e+06
3.56336e+06
-3.5525e+06
3.57056e+06
-3.56792e+06
3.57107e+06
-3.571e+06
3.57107e+06
-3.571e+06
3.57107e+06
-3.571e+06
3.58135e+06
-3.57306e+06
3.62452e+06
-3.59156e+06
3.64303e+06
-3.63473e+06
3.64508e+06
-3.64501e+06
-6.33062e-07
-6.33062e-07
-6.33062e-07
-6.33062e-07
3.64817e+06
-3.64553e+06
3.66359e+06
-3.65272e+06
3.67901e+06
-3.67431e+06
3.68209e+06
-3.6815e+06
3.68209e+06
-3.68202e+06
3.68209e+06
-3.68202e+06
3.68415e+06
-3.68202e+06
3.70265e+06
-3.6923e+06
3.74582e+06
-3.73547e+06
3.7561e+06
-3.75397e+06
3.7561e+06
-3.75603e+06
-6.52245e-07
-6.52245e-07
-6.52245e-07
-6.52245e-07
3.76381e+06
-3.75911e+06
3.7854e+06
-3.77453e+06
3.79259e+06
-3.78995e+06
3.79311e+06
-3.79303e+06
3.79311e+06
-3.79303e+06
3.79311e+06
-3.79303e+06
3.80339e+06
-3.79509e+06
3.84656e+06
-3.81359e+06
3.86506e+06
-3.85676e+06
3.86712e+06
-3.86704e+06
3.86712e+06
-3.86704e+06
-6.71429e-07
-6.71429e-07
-6.71429e-07
-6.71429e-07
3.88562e+06
-3.87475e+06
3.90104e+06
-3.89634e+06
3.90413e+06
-3.90353e+06
3.90413e+06
-3.90405e+06
3.90413e+06
-3.90405e+06
3.90618e+06
-3.90405e+06
3.92468e+06
-3.91433e+06
3.96786e+06
-3.9575e+06
3.97814e+06
-3.976e+06
3.97814e+06
-3.97806e+06
3.97814e+06
-3.97806e+06
-6.90613e-07
-6.90613e-07
-6.90613e-07
-6.90613e-07
4.00743e+06
-3.99656e+06
4.01463e+06
-4.01198e+06
4.01514e+06
-4.01506e+06
4.01514e+06
-4.01506e+06
4.01514e+06
-4.01506e+06
4.02542e+06
-4.01712e+06
4.0686e+06
-4.03562e+06
4.0871e+06
-4.07879e+06
4.08916e+06
-4.08907e+06
4.08916e+06
-4.08907e+06
4.08916e+06
-4.08907e+06
-7.09796e-07
-7.09796e-07
-7.09796e-07
-7.09796e-07
4.12308e+06
-4.11837e+06
4.12616e+06
-4.12556e+06
4.12616e+06
-4.12608e+06
4.12616e+06
-4.12608e+06
4.12822e+06
-4.12608e+06
4.14672e+06
-4.13636e+06
4.18989e+06
-4.17953e+06
4.20017e+06
-4.19803e+06
4.20017e+06
-4.20009e+06
4.20017e+06
-4.20009e+06
4.20069e+06
-4.20009e+06
-7.2898e-07
-7.2898e-07
-7.2898e-07
-7.2898e-07
4.23667e+06
-4.23401e+06
4.23718e+06
-4.23709e+06
4.23718e+06
-4.23709e+06
4.23718e+06
-4.23709e+06
4.24746e+06
-4.23915e+06
4.29063e+06
-4.25765e+06
4.30913e+06
-4.30083e+06
4.31119e+06
-4.3111e+06
4.31119e+06
-4.3111e+06
4.31119e+06
-4.3111e+06
4.31427e+06
-4.31162e+06
-7.48164e-07
-7.48164e-07
-7.48164e-07
-7.48164e-07
-7.48164e-07
-7.48164e-07
-7.48164e-07
-7.48164e-07
-7.48164e-07
-7.48164e-07
-7.48164e-07
-7.48164e-07
-7.48164e-07
-7.48164e-07
-7.67347e-07
-7.67347e-07
-7.67347e-07
-7.67347e-07
-7.67347e-07
-7.67347e-07
-7.67347e-07
-7.67347e-07
-7.67347e-07
-7.67347e-07
-7.67347e-07
-7.67347e-07
-7.67347e-07
-7.67347e-07
-7.67347e-07
-7.67347e-07
-7.67347e-07
-7.67347e-07
-7.67347e-07
-7.67347e-07
-7.67347e-07
-7.67347e-07
-7.67347e-07
-7.67347e-07
-7.67347e-07
-7.86531e-07
-7.86531e-07
-7.86531e-07
-7.86531e-07
-7.86531e-07
-7.86531e-07
-7.86531e-07
-7.86531e-07
-7.86531e-07
-7.86531e-07
-7.86531e-07
-7.86531e-07
-7.86531e-07
-7.86531e-07
-7.86531e-07
-7.86531e-07
-7.86531e-07
4.57023e+06
-4.57014e+06
4.57023e+06
-4.57014e+06
4.57229e+06
-4.57014e+06
4.59079e+06
-4.58042e+06
4.63396e+06
-4.62359e+06
4.64424e+06
-4.6421e+06
4.64424e+06
-4.64415e+06
4.64424e+06
-4.64415e+06
4.64476e+06
-4.64415e+06
4.65195e+06
-4.64724e+06
4.67354e+06
-4.66265e+06
-8.05715e-07
-8.05715e-07
-8.05715e-07
-8.05715e-07
4.68125e+06
-4.68116e+06
4.68125e+06
-4.68116e+06
4.69153e+06
-4.68321e+06
4.7347e+06
-4.70171e+06
4.75321e+06
-4.74489e+06
4.75526e+06
-4.75517e+06
4.75526e+06
-4.75517e+06
4.75526e+06
-4.75517e+06
4.75835e+06
-4.75568e+06
4.77376e+06
-4.76288e+06
4.78918e+06
-4.78446e+06
-8.24898e-07
-8.24898e-07
-8.24898e-07
-8.24898e-07
4.79227e+06
-4.79217e+06
4.79432e+06
-4.79217e+06
4.81283e+06
-4.80245e+06
4.856e+06
-4.84562e+06
4.86628e+06
-4.86413e+06
4.86628e+06
-4.86618e+06
4.86628e+06
-4.86618e+06
4.86679e+06
-4.86618e+06
4.87399e+06
-4.86927e+06
4.89558e+06
-4.88468e+06
4.90277e+06
-4.9001e+06
-8.44082e-07
-8.44082e-07
-8.44082e-07
-8.44082e-07
4.90329e+06
-4.90319e+06
4.91357e+06
-4.90524e+06
4.95674e+06
-4.92375e+06
4.97524e+06
-4.96692e+06
4.9773e+06
-4.9772e+06
4.9773e+06
-4.9772e+06
4.9773e+06
-4.9772e+06
4.98038e+06
-4.97771e+06
4.9958e+06
-4.98491e+06
5.01122e+06
-5.00649e+06
5.0143e+06
-5.01369e+06
-8.63266e-07
-8.63266e-07
-8.63266e-07
-8.63266e-07
5.01636e+06
-5.0142e+06
5.03486e+06
-5.02448e+06
5.07804e+06
-5.06766e+06
5.08832e+06
-5.08616e+06
5.08832e+06
-5.08821e+06
5.08832e+06
-5.08821e+06
5.08883e+06
-5.08821e+06
5.09602e+06
-5.0913e+06
5.11761e+06
-5.10672e+06
5.12481e+06
-5.12214e+06
5.12532e+06
-5.12522e+06
-8.82449e-07
-8.82449e-07
-8.82449e-07
-8.82449e-07
5.1356e+06
-5.12727e+06
5.17877e+06
-5.14578e+06
5.19728e+06
-5.18895e+06
5.19933e+06
-5.19923e+06
5.19933e+06
-5.19923e+06
5.19933e+06
-5.19923e+06
5.20242e+06
-5.19974e+06
5.21784e+06
-5.20694e+06
5.23326e+06
-5.22852e+06
5.23634e+06
-5.23572e+06
5.23634e+06
-5.23623e+06
-9.01633e-07
-9.01633e-07
-9.01633e-07
-9.01633e-07
5.2569e+06
-5.24651e+06
5.30007e+06
-5.28969e+06
5.31035e+06
-5.30819e+06
5.31035e+06
-5.31024e+06
5.31035e+06
-5.31024e+06
5.31086e+06
-5.31024e+06
5.31806e+06
-5.31333e+06
5.33965e+06
-5.32875e+06
5.34684e+06
-5.34417e+06
5.34736e+06
-5.34725e+06
5.34736e+06
-5.34725e+06
-9.20817e-07
-9.20817e-07
-9.20817e-07
-9.20817e-07
5.40081e+06
-5.36781e+06
5.41931e+06
-5.41098e+06
5.42137e+06
-5.42126e+06
5.42137e+06
-5.42126e+06
5.42137e+06
-5.42126e+06
5.42445e+06
-5.42177e+06
5.43987e+06
-5.42897e+06
5.45529e+06
-5.45056e+06
5.45837e+06
-5.45775e+06
5.45837e+06
-5.45827e+06
5.45837e+06
-5.45827e+06
-9.4e-07
-9.4e-07
-9.4e-07
-9.4e-07
5.52211e+06
-5.51172e+06
5.53239e+06
-5.53022e+06
5.53239e+06
-5.53228e+06
5.53239e+06
-5.53228e+06
5.5329e+06
-5.53228e+06
5.5401e+06
-5.53536e+06
5.56168e+06
-5.55078e+06
5.56888e+06
-5.5662e+06
5.56939e+06
-5.56928e+06
5.56939e+06
-5.56928e+06
5.56939e+06
-5.56928e+06
-9.59184e-07
-9.59184e-07
-9.59184e-07
-9.78368e-07
5.64135e+06
-5.63301e+06
5.6434e+06
-5.64329e+06
5.6434e+06
-5.64329e+06
5.6434e+06
-5.64329e+06
5.64649e+06
-5.64381e+06
5.66191e+06
-5.651e+06
5.67733e+06
-5.67259e+06
5.68041e+06
-5.67978e+06
5.68041e+06
-5.6803e+06
5.68041e+06
-5.6803e+06
5.68247e+06
-5.6803e+06
-9.78368e-07
-9.78368e-07
-9.97551e-07
-9.97551e-07
5.75442e+06
-5.75225e+06
5.75442e+06
-5.75431e+06
5.75442e+06
-5.75431e+06
5.75494e+06
-5.75431e+06
5.76213e+06
-5.75739e+06
5.78372e+06
-5.77281e+06
5.79091e+06
-5.78823e+06
5.79143e+06
-5.79131e+06
5.79143e+06
-5.79131e+06
5.79143e+06
-5.79131e+06
5.80171e+06
-5.79337e+06
-9.97551e-07
-1.01674e-06
-1.01674e-06
-1.01674e-06
-1.01674e-06
-1.01674e-06
-1.01674e-06
-1.01674e-06
-1.01674e-06
-1.01674e-06
-1.01674e-06
-1.01674e-06
-1.01674e-06
-1.01674e-06
-1.01674e-06
-1.01674e-06
-1.01674e-06
-1.01674e-06
-1.01674e-06
-1.01674e-06
-1.01674e-06
-1.01674e-06
-1.01674e-06
-1.01674e-06
-1.01674e-06
-1.01674e-06
-1.03592e-06
-1.03592e-06
-1.03592e-06
-1.03592e-06
-1.03592e-06
-1.03592e-06
-1.03592e-06
-1.03592e-06
-1.03592e-06
-1.03592e-06
-1.03592e-06
-1.03592e-06
-1.03592e-06
-1.03592e-06
-1.03592e-06
-1.03592e-06
-1.03592e-06
-1.03592e-06
-1.03592e-06
-1.03592e-06
-1.03592e-06
-1.03592e-06
-1.03592e-06
-1.03592e-06
-1.03592e-06
-1.0551e-06
-1.0551e-06
-1.0551e-06
-1.0551e-06
-1.0551e-06
6.08748e+06
-6.08735e+06
6.08748e+06
-6.08735e+06
6.09056e+06
-6.08787e+06
6.10598e+06
-6.09506e+06
6.1214e+06
-6.11665e+06
6.12448e+06
-6.12384e+06
6.12448e+06
-6.12436e+06
6.12448e+06
-6.12436e+06
6.12654e+06
-6.12436e+06
6.14504e+06
-6.13464e+06
6.18821e+06
-6.17781e+06
-1.07429e-06
-1.07429e-06
-1.07429e-06
-1.07429e-06
6.19849e+06
-6.19837e+06
6.19901e+06
-6.19837e+06
6.2062e+06
-6.20145e+06
6.22779e+06
-6.21687e+06
6.23499e+06
-6.23229e+06
6.2355e+06
-6.23537e+06
6.2355e+06
-6.23537e+06
6.2355e+06
-6.23537e+06
6.24578e+06
-6.23743e+06
6.28895e+06
-6.25593e+06
6.30746e+06
-6.29911e+06
-1.09347e-06
-1.09347e-06
-1.09347e-06
-1.09347e-06
6.30951e+06
-6.30938e+06
6.31259e+06
-6.3099e+06
6.32801e+06
-6.31709e+06
6.34343e+06
-6.33868e+06
6.34652e+06
-6.34588e+06
6.34652e+06
-6.34639e+06
6.34652e+06
-6.34639e+06
6.34857e+06
-6.34639e+06
6.36708e+06
-6.35667e+06
6.41025e+06
-6.39984e+06
6.42053e+06
-6.41834e+06
-1.11265e-06
-1.11265e-06
-1.11265e-06
-1.11265e-06
6.42104e+06
-6.4204e+06
6.42824e+06
-6.42348e+06
6.44983e+06
-6.4389e+06
6.45702e+06
-6.45432e+06
6.45753e+06
-6.45741e+06
6.45753e+06
-6.45741e+06
6.45753e+06
-6.45741e+06
6.46781e+06
-6.45946e+06
6.51099e+06
-6.47796e+06
6.52949e+06
-6.52114e+06
6.53155e+06
-6.53142e+06
-1.13184e-06
-1.13184e-06
-1.13184e-06
-1.13184e-06
6.53463e+06
-6.53193e+06
6.55005e+06
-6.53913e+06
6.56547e+06
-6.56071e+06
6.56855e+06
-6.56791e+06
6.56855e+06
-6.56842e+06
6.56855e+06
-6.56842e+06
6.57061e+06
-6.56842e+06
6.58911e+06
-6.5787e+06
6.63228e+06
-6.62187e+06
6.64256e+06
-6.64038e+06
6.64256e+06
-6.64243e+06
-1.15102e-06
-1.15102e-06
-1.15102e-06
-1.15102e-06
6.65027e+06
-6.64552e+06
6.67186e+06
-6.66093e+06
6.67906e+06
-6.67635e+06
6.67957e+06
-6.67944e+06
6.67957e+06
-6.67944e+06
6.67957e+06
-6.67944e+06
6.68985e+06
-6.68149e+06
6.73302e+06
-6.69999e+06
6.75153e+06
-6.74317e+06
6.75358e+06
-6.75345e+06
6.75358e+06
-6.75345e+06
-1.1702e-06
-1.1702e-06
-1.1702e-06
-1.1702e-06
6.77209e+06
-6.76116e+06
6.7875e+06
-6.78274e+06
6.79059e+06
-6.78994e+06
6.79059e+06
-6.79045e+06
6.79059e+06
-6.79045e+06
6.79264e+06
-6.79045e+06
6.81115e+06
-6.80073e+06
6.85432e+06
-6.8439e+06
6.8646e+06
-6.86241e+06
6.8646e+06
-6.86446e+06
6.8646e+06
-6.86446e+06
-1.18939e-06
-1.18939e-06
-1.18939e-06
-1.18939e-06
6.8939e+06
-6.88297e+06
6.90109e+06
-6.89838e+06
6.90161e+06
-6.90147e+06
6.90161e+06
-6.90147e+06
6.90161e+06
-6.90147e+06
6.91189e+06
-6.90352e+06
6.95506e+06
-6.92203e+06
6.97356e+06
-6.9652e+06
6.97562e+06
-6.97548e+06
6.97562e+06
-6.97548e+06
6.97562e+06
-6.97548e+06
-1.20857e-06
-1.20857e-06
-1.20857e-06
-1.20857e-06
7.00954e+06
-7.00477e+06
7.01262e+06
-7.01197e+06
7.01262e+06
-7.01248e+06
7.01262e+06
-7.01248e+06
7.01468e+06
-7.01248e+06
7.03318e+06
-7.02276e+06
7.07636e+06
-7.06594e+06
7.08664e+06
-7.08444e+06
7.08664e+06
-7.08649e+06
7.08664e+06
-7.08649e+06
7.08715e+06
-7.08649e+06
-1.22776e-06
-1.22776e-06
-1.22776e-06
-1.22776e-06
7.12313e+06
-7.12042e+06
7.12364e+06
-7.1235e+06
7.12364e+06
-7.1235e+06
7.12364e+06
-7.1235e+06
7.13392e+06
-7.12555e+06
7.17709e+06
-7.14406e+06
7.1956e+06
-7.18723e+06
7.19765e+06
-7.19751e+06
7.19765e+06
-7.19751e+06
7.19765e+06
-7.19751e+06
7.20074e+06
-7.19802e+06
-1.24694e-06
-1.24694e-06
-1.24694e-06
-1.24694e-06
7.23466e+06
-7.234e+06
7.23466e+06
-7.23451e+06
7.23466e+06
-7.23451e+06
7.23672e+06
-7.23451e+06
7.25522e+06
-7.24479e+06
7.29839e+06
-7.28797e+06
7.30867e+06
-7.30647e+06
7.30867e+06
-7.30853e+06
7.30867e+06
-7.30853e+06
7.30919e+06
-7.30853e+06
7.31638e+06
-7.31161e+06
-1.26612e-06
-1.26612e-06
-1.26612e-06
-1.26612e-06
-1.26612e-06
-1.26612e-06
-1.26612e-06
-1.26612e-06
-1.26612e-06
-1.26612e-06
-1.26612e-06
-1.26612e-06
-1.26612e-06
-1.28531e-06
-1.28531e-06
-1.28531e-06
-1.28531e-06
-1.28531e-06
-1.28531e-06
-1.28531e-06
-1.28531e-06
-1.28531e-06
-1.28531e-06
-1.28531e-06
-1.28531e-06
-1.28531e-06
-1.28531e-06
-1.28531e-06
-1.28531e-06
-1.28531e-06
-1.28531e-06
-1.28531e-06
-1.28531e-06
-1.28531e-06
-1.28531e-06
-1.28531e-06
-1.28531e-06
-1.28531e-06
-1.30449e-06
-1.30449e-06
-1.30449e-06
-1.30449e-06
-1.30449e-06
-1.30449e-06
-1.30449e-06
-1.30449e-06
-1.30449e-06
-1.30449e-06
-1.30449e-06
-1.30449e-06
-1.30449e-06
-1.30449e-06
-1.30449e-06
-1.30449e-06
-1.30449e-06
-1.30449e-06
7.56771e+06
-7.56756e+06
7.56771e+06
-7.56756e+06
7.57799e+06
-7.56962e+06
7.62117e+06
-7.58812e+06
7.63967e+06
-7.63129e+06
7.64172e+06
-7.64157e+06
7.64172e+06
-7.64157e+06
7.64172e+06
-7.64157e+06
7.64481e+06
-7.64209e+06
7.66023e+06
-7.64928e+06
7.67565e+06
-7.67087e+06
-1.32367e-06
-1.32367e-06
-1.32367e-06
-1.32367e-06
7.67873e+06
-7.67858e+06
7.68079e+06
-7.67858e+06
7.69929e+06
-7.68886e+06
7.74246e+06
-7.73203e+06
7.75274e+06
-7.75053e+06
7.75274e+06
-7.75259e+06
7.75274e+06
-7.75259e+06
7.75326e+06
-7.75259e+06
7.76045e+06
-7.75567e+06
7.78204e+06
-7.77109e+06
7.78923e+06
-7.78651e+06
-1.34286e-06
-1.34286e-06
-1.34286e-06
-1.34286e-06
7.78975e+06
-7.78959e+06
7.80003e+06
-7.79165e+06
7.8432e+06
-7.81015e+06
7.8617e+06
-7.85332e+06
7.86376e+06
-7.8636e+06
7.86376e+06
-7.8636e+06
7.86376e+06
-7.8636e+06
7.86684e+06
-7.86412e+06
7.88226e+06
-7.87131e+06
7.89768e+06
-7.8929e+06
7.90077e+06
-7.90009e+06
-1.36204e-06
-1.36204e-06
-1.36204e-06
-1.36204e-06
7.90282e+06
-7.90061e+06
7.92132e+06
-7.91089e+06
7.9645e+06
-7.95406e+06
7.97478e+06
-7.97256e+06
7.97478e+06
-7.97462e+06
7.97478e+06
-7.97462e+06
7.97529e+06
-7.97462e+06
7.98249e+06
-7.9777e+06
8.00407e+06
-7.99312e+06
8.01127e+06
-8.00854e+06
8.01178e+06
-8.01162e+06
-1.38123e-06
-1.38123e-06
-1.38123e-06
-1.38123e-06
8.02206e+06
-8.01368e+06
8.06524e+06
-8.03218e+06
8.08374e+06
-8.07535e+06
8.0858e+06
-8.08563e+06
8.0858e+06
-8.08563e+06
8.0858e+06
-8.08563e+06
8.08888e+06
-8.08615e+06
8.1043e+06
-8.09334e+06
8.11972e+06
-8.11493e+06
8.1228e+06
-8.12213e+06
8.1228e+06
-8.12264e+06
-1.40041e-06
-1.40041e-06
-1.40041e-06
-1.40041e-06
8.14336e+06
-8.13292e+06
8.18653e+06
-8.17609e+06
8.19681e+06
-8.19459e+06
8.19681e+06
-8.19665e+06
8.19681e+06
-8.19665e+06
8.19733e+06
-8.19665e+06
8.20452e+06
-8.19973e+06
8.22611e+06
-8.21515e+06
8.23331e+06
-8.23057e+06
8.23382e+06
-8.23365e+06
8.23382e+06
-8.23365e+06
-1.41959e-06
-1.41959e-06
-1.41959e-06
-1.41959e-06
8.28727e+06
-8.25421e+06
8.30578e+06
-8.29739e+06
8.30783e+06
-8.30767e+06
8.30783e+06
-8.30767e+06
8.30783e+06
-8.30767e+06
8.31092e+06
-8.30818e+06
8.32633e+06
-8.31537e+06
8.34175e+06
-8.33696e+06
8.34484e+06
-8.34416e+06
8.34484e+06
-8.34467e+06
8.34484e+06
-8.34467e+06
-1.43878e-06
-1.43878e-06
-1.43878e-06
-1.43878e-06
8.40857e+06
-8.39812e+06
8.41885e+06
-8.41662e+06
8.41885e+06
-8.41868e+06
8.41885e+06
-8.41868e+06
8.41936e+06
-8.41868e+06
8.42656e+06
-8.42176e+06
8.44815e+06
-8.43718e+06
8.45534e+06
-8.4526e+06
8.45586e+06
-8.45569e+06
8.45586e+06
-8.45569e+06
8.45586e+06
-8.45569e+06
-1.45796e-06
-1.45796e-06
-1.45796e-06
-1.47714e-06
8.52781e+06
-8.51942e+06
8.52987e+06
-8.5297e+06
8.52987e+06
-8.5297e+06
8.52987e+06
-8.5297e+06
8.53295e+06
-8.53021e+06
8.54837e+06
-8.53741e+06
8.56379e+06
-8.55899e+06
8.56687e+06
-8.56619e+06
8.56687e+06
-8.5667e+06
8.56687e+06
-8.5667e+06
8.56893e+06
-8.5667e+06
-1.47714e-06
-1.47714e-06
-1.49633e-06
-1.49633e-06
8.64088e+06
-8.63866e+06
8.64088e+06
-8.64071e+06
8.64088e+06
-8.64071e+06
8.6414e+06
-8.64071e+06
8.64859e+06
-8.6438e+06
8.67018e+06
-8.65921e+06
8.67738e+06
-8.67463e+06
8.67789e+06
-8.67772e+06
8.67789e+06
-8.67772e+06
8.67789e+06
-8.67772e+06
8.68817e+06
-8.67977e+06
-1.49633e-06
-1.51551e-06
-1.51551e-06
-1.51551e-06
8.7519e+06
-8.75173e+06
8.7519e+06
-8.75173e+06
8.7519e+06
-8.75173e+06
8.75499e+06
-8.75224e+06
8.77041e+06
-8.75944e+06
8.78582e+06
-8.78102e+06
8.78891e+06
-8.78822e+06
8.78891e+06
-8.78873e+06
8.78891e+06
-8.78873e+06
8.79096e+06
-8.78873e+06
8.80947e+06
-8.79901e+06
-1.53469e-06
-1.53469e-06
-1.53469e-06
-1.53469e-06
-1.53469e-06
-1.53469e-06
-1.53469e-06
-1.53469e-06
-1.53469e-06
-1.53469e-06
-1.53469e-06
-1.53469e-06
-1.53469e-06
-1.53469e-06
-1.53469e-06
-1.53469e-06
-1.53469e-06
-1.53469e-06
-1.53469e-06
-1.53469e-06
-1.53469e-06
-1.53469e-06
-1.53469e-06
-1.53469e-06
-1.53469e-06
-1.55388e-06
-1.55388e-06
-1.55388e-06
-1.55388e-06
-1.55388e-06
-1.55388e-06
-1.55388e-06
-1.55388e-06
-1.55388e-06
-1.55388e-06
-1.55388e-06
-1.55388e-06
-1.55388e-06
-1.55388e-06
-1.55388e-06
-1.55388e-06
-1.55388e-06
-1.55388e-06
-1.55388e-06
-1.55388e-06
-1.55388e-06
-1.55388e-06
-1.55388e-06
-1.55388e-06
-1.55388e-06
-1.57306e-06
-1.57306e-06
-1.57306e-06
-1.57306e-06
-1.57306e-06
-1.57306e-06
9.08496e+06
-9.08477e+06
9.08547e+06
-9.08477e+06
9.09267e+06
-9.08786e+06
9.11425e+06
-9.10328e+06
9.12145e+06
-9.1187e+06
9.12196e+06
-9.12178e+06
9.12196e+06
-9.12178e+06
9.12196e+06
-9.12178e+06
9.13224e+06
-9.12384e+06
9.17541e+06
-9.14234e+06
9.19392e+06
-9.18551e+06
-1.59225e-06
-1.59225e-06
-1.59225e-06
-1.59225e-06
9.19597e+06
-9.19579e+06
9.19906e+06
-9.1963e+06
9.21448e+06
-9.2035e+06
9.2299e+06
-9.22509e+06
9.23298e+06
-9.23228e+06
9.23298e+06
-9.23279e+06
9.23298e+06
-9.23279e+06
9.23504e+06
-9.23279e+06
9.25354e+06
-9.24307e+06
9.29671e+06
-9.28625e+06
9.30699e+06
-9.30475e+06
-1.61143e-06
-1.61143e-06
-1.61143e-06
-1.61143e-06
9.30751e+06
-9.30681e+06
9.3147e+06
-9.30989e+06
9.33629e+06
-9.32531e+06
9.34348e+06
-9.34073e+06
9.344e+06
-9.34381e+06
9.344e+06
-9.34381e+06
9.344e+06
-9.34381e+06
9.35428e+06
-9.34587e+06
9.39745e+06
-9.36437e+06
9.41595e+06
-9.40754e+06
9.41801e+06
-9.41782e+06
-1.63061e-06
-1.63061e-06
-1.63061e-06
-1.63061e-06
9.42109e+06
-9.41833e+06
9.43651e+06
-9.42553e+06
9.45193e+06
-9.44712e+06
9.45502e+06
-9.45431e+06
9.45502e+06
-9.45483e+06
9.45502e+06
-9.45483e+06
9.45707e+06
-9.45483e+06
9.47557e+06
-9.46511e+06
9.51875e+06
-9.50828e+06
9.52903e+06
-9.52678e+06
9.52903e+06
-9.52884e+06
-1.6498e-06
-1.6498e-06
-1.6498e-06
-1.6498e-06
9.53674e+06
-9.53192e+06
9.55832e+06
-9.54734e+06
9.56552e+06
-9.56276e+06
9.56603e+06
-9.56584e+06
9.56603e+06
-9.56584e+06
9.56603e+06
-9.56584e+06
9.57631e+06
-9.5679e+06
9.61949e+06
-9.5864e+06
9.63799e+06
-9.62957e+06
9.64004e+06
-9.63985e+06
9.64004e+06
-9.63985e+06
-1.66898e-06
-1.66898e-06
-1.66898e-06
-1.66898e-06
9.65855e+06
-9.64756e+06
9.67397e+06
-9.66915e+06
9.67705e+06
-9.67634e+06
9.67705e+06
-9.67686e+06
9.67705e+06
-9.67686e+06
9.67911e+06
-9.67686e+06
9.69761e+06
-9.68714e+06
9.74078e+06
-9.73031e+06
9.75106e+06
-9.74881e+06
9.75106e+06
-9.75087e+06
9.75106e+06
-9.75087e+06
-1.68816e-06
-1.68816e-06
-1.68816e-06
-1.68816e-06
9.78036e+06
-9.76937e+06
9.78755e+06
-9.78479e+06
9.78807e+06
-9.78787e+06
9.78807e+06
-9.78787e+06
9.78807e+06
-9.78787e+06
9.79835e+06
-9.78993e+06
9.84152e+06
-9.80843e+06
9.86002e+06
-9.8516e+06
9.86208e+06
-9.86188e+06
9.86208e+06
-9.86188e+06
9.86208e+06
-9.86188e+06
-1.70735e-06
-1.70735e-06
-1.70735e-06
-1.70735e-06
9.896e+06
-9.89118e+06
9.89909e+06
-9.89837e+06
9.89909e+06
-9.89889e+06
9.89909e+06
-9.89889e+06
9.90114e+06
-9.89889e+06
9.91965e+06
-9.90917e+06
9.96282e+06
-9.95234e+06
9.9731e+06
-9.97084e+06
9.9731e+06
-9.9729e+06
9.9731e+06
-9.9729e+06
9.97361e+06
-9.9729e+06
-1.72653e-06
-1.72653e-06
-1.72653e-06
-1.72653e-06
1.00096e+07
-1.00068e+07
1.00101e+07
-1.00099e+07
1.00101e+07
-1.00099e+07
1.00101e+07
-1.00099e+07
1.00204e+07
-1.0012e+07
1.00636e+07
-1.00305e+07
1.00821e+07
-1.00736e+07
1.00841e+07
-1.00839e+07
1.00841e+07
-1.00839e+07
1.00841e+07
-1.00839e+07
1.00872e+07
-1.00844e+07
-1.74572e-06
-1.74572e-06
-1.74572e-06
-1.74572e-06
1.01211e+07
-1.01204e+07
1.01211e+07
-1.01209e+07
1.01211e+07
-1.01209e+07
1.01232e+07
-1.01209e+07
1.01417e+07
-1.01312e+07
1.01849e+07
-1.01744e+07
1.01951e+07
-1.01929e+07
1.01951e+07
-1.01949e+07
1.01951e+07
-1.01949e+07
1.01956e+07
-1.01949e+07
1.02028e+07
-1.0198e+07
-1.7649e-06
-1.7649e-06
-1.7649e-06
-1.7649e-06
1.02321e+07
-1.02319e+07
1.02321e+07
-1.02319e+07
1.02321e+07
-1.02319e+07
1.02424e+07
-1.0234e+07
1.02856e+07
-1.02525e+07
1.03041e+07
-1.02957e+07
1.03062e+07
-1.03059e+07
1.03062e+07
-1.03059e+07
1.03062e+07
-1.03059e+07
1.03092e+07
-1.03065e+07
1.03247e+07
-1.03137e+07
-1.78408e-06
-1.78408e-06
-1.78408e-06
-1.78408e-06
-1.78408e-06
-1.78408e-06
-1.78408e-06
-1.78408e-06
-1.78408e-06
-1.78408e-06
-1.78408e-06
-1.78408e-06
-1.80327e-06
-1.80327e-06
-1.80327e-06
-1.80327e-06
-1.80327e-06
-1.80327e-06
-1.80327e-06
-1.80327e-06
-1.80327e-06
-1.80327e-06
-1.80327e-06
-1.80327e-06
-1.80327e-06
-1.80327e-06
-1.80327e-06
-1.80327e-06
-1.80327e-06
-1.80327e-06
-1.80327e-06
-1.80327e-06
-1.80327e-06
-1.80327e-06
-1.80327e-06
-1.80327e-06
-1.80327e-06
-1.82245e-06
-1.82245e-06
-1.82245e-06
-1.82245e-06
-1.82245e-06
-1.82245e-06
-1.82245e-06
-1.82245e-06
-1.82245e-06
-1.82245e-06
-1.82245e-06
-1.82245e-06
-1.82245e-06
-1.82245e-06
-1.82245e-06
-1.82245e-06
-1.82245e-06
-1.82245e-06
-1.82245e-06
1.05652e+07
-1.0565e+07
1.05672e+07
-1.0565e+07
1.05858e+07
-1.05753e+07
1.06289e+07
-1.06184e+07
1.06392e+07
-1.06369e+07
1.06392e+07
-1.0639e+07
1.06392e+07
-1.0639e+07
1.06397e+07
-1.0639e+07
1.06469e+07
-1.06421e+07
1.06685e+07
-1.06575e+07
1.06757e+07
-1.06729e+07
-1.84163e-06
-1.84163e-06
-1.84163e-06
-1.84163e-06
1.06762e+07
-1.0676e+07
1.06865e+07
-1.06781e+07
1.07297e+07
-1.06966e+07
1.07482e+07
-1.07397e+07
1.07502e+07
-1.075e+07
1.07502e+07
-1.075e+07
1.07502e+07
-1.075e+07
1.07533e+07
-1.07505e+07
1.07687e+07
-1.07577e+07
1.07841e+07
-1.07793e+07
1.07872e+07
-1.07865e+07
-1.86082e-06
-1.86082e-06
-1.86082e-06
-1.86082e-06
1.07893e+07
-1.0787e+07
1.08078e+07
-1.07973e+07
1.0851e+07
-1.08405e+07
1.08612e+07
-1.0859e+07
1.08612e+07
-1.0861e+07
1.08612e+07
-1.0861e+07
1.08618e+07
-1.0861e+07
1.0869e+07
-1.08641e+07
1.08905e+07
-1.08795e+07
1.08977e+07
-1.08949e+07
1.08982e+07
-1.0898e+07
-1.88e-06
-1.88e-06
-1.88e-06
-1.88e-06
1.09085e+07
-1.09001e+07
1.09517e+07
-1.09186e+07
1.09702e+07
-1.09618e+07
1.09723e+07
-1.0972e+07
1.09723e+07
-1.0972e+07
1.09723e+07
-1.0972e+07
1.09753e+07
-1.09726e+07
1.09908e+07
-1.09797e+07
1.10062e+07
-1.10013e+07
1.10093e+07
-1.10085e+07
1.10093e+07
-1.1009e+07
-1.89918e-06
-1.89918e-06
-1.89918e-06
-1.89918e-06
1.10298e+07
-1.10193e+07
1.1073e+07
-1.10625e+07
1.10833e+07
-1.1081e+07
1.10833e+07
-1.10831e+07
1.10833e+07
-1.10831e+07
1.10838e+07
-1.10831e+07
1.1091e+07
-1.10861e+07
1.11126e+07
-1.11016e+07
1.11198e+07
-1.1117e+07
1.11203e+07
-1.11201e+07
1.11203e+07
-1.11201e+07
-1.91837e-06
-1.91837e-06
-1.91837e-06
-1.91837e-06
1.11737e+07
-1.11406e+07
1.11922e+07
-1.11838e+07
1.11943e+07
-1.11941e+07
1.11943e+07
-1.11941e+07
1.11943e+07
-1.11941e+07
1.11974e+07
-1.11946e+07
1.12128e+07
-1.12018e+07
1.12282e+07
-1.12234e+07
1.12313e+07
-1.12306e+07
1.12313e+07
-1.12311e+07
1.12313e+07
-1.12311e+07
-1.93755e-06
-1.93755e-06
-1.93755e-06
-1.93755e-06
1.1295e+07
-1.12845e+07
1.13053e+07
-1.1303e+07
1.13053e+07
-1.13051e+07
1.13053e+07
-1.13051e+07
1.13058e+07
-1.13051e+07
1.1313e+07
-1.13082e+07
1.13346e+07
-1.13236e+07
1.13418e+07
-1.1339e+07
1.13423e+07
-1.13421e+07
1.13423e+07
-1.13421e+07
1.13423e+07
-1.13421e+07
-1.95674e-06
-1.95674e-06
-1.95674e-06
-1.97592e-06
1.14143e+07
-1.14058e+07
1.14163e+07
-1.14161e+07
1.14163e+07
-1.14161e+07
1.14163e+07
-1.14161e+07
1.14194e+07
-1.14166e+07
1.14348e+07
-1.14238e+07
1.14503e+07
-1.14454e+07
1.14533e+07
-1.14526e+07
1.14533e+07
-1.14531e+07
1.14533e+07
-1.14531e+07
1.14554e+07
-1.14531e+07
-1.97592e-06
-1.97592e-06
-1.9951e-06
-1.9951e-06
1.15273e+07
-1.15251e+07
1.15273e+07
-1.15271e+07
1.15273e+07
-1.15271e+07
1.15279e+07
-1.15271e+07
1.15351e+07
-1.15302e+07
1.15566e+07
-1.15456e+07
1.15638e+07
-1.1561e+07
1.15644e+07
-1.15641e+07
1.15644e+07
-1.15641e+07
1.15644e+07
-1.15641e+07
1.15746e+07
-1.15662e+07
-1.9951e-06
-2.01429e-06
-2.01429e-06
-2.01429e-06
1.16384e+07
-1.16381e+07
1.16384e+07
-1.16381e+07
1.16384e+07
-1.16381e+07
1.16414e+07
-1.16386e+07
1.16569e+07
-1.16458e+07
1.16723e+07
-1.16674e+07
1.16754e+07
-1.16746e+07
1.16754e+07
-1.16751e+07
1.16754e+07
-1.16751e+07
1.16774e+07
-1.16751e+07
1.16959e+07
-1.16854e+07
-2.03347e-06
-2.03347e-06
-2.03347e-06
-2.03347e-06
1.17494e+07
-1.17491e+07
1.17494e+07
-1.17491e+07
1.17499e+07
-1.17491e+07
1.17571e+07
-1.17522e+07
1.17787e+07
-1.17677e+07
1.17859e+07
-1.17831e+07
1.17864e+07
-1.17862e+07
1.17864e+07
-1.17862e+07
1.17864e+07
-1.17862e+07
1.17967e+07
-1.17882e+07
1.18398e+07
-1.18067e+07
-2.05265e-06
-2.05265e-06
-2.05265e-06
-2.05265e-06
-2.05265e-06
-2.05265e-06
-2.05265e-06
-2.05265e-06
-2.05265e-06
-2.05265e-06
-2.05265e-06
-2.05265e-06
-2.05265e-06
-2.05265e-06
-2.05265e-06
-2.05265e-06
-2.05265e-06
-2.05265e-06
-2.05265e-06
-2.05265e-06
-2.05265e-06
-2.05265e-06
-2.05265e-06
-2.05265e-06
-2.07184e-06
-2.07184e-06
-2.07184e-06
-2.07184e-06
-2.07184e-06
-2.07184e-06
-2.07184e-06
-2.07184e-06
-2.07184e-06
-2.07184e-06
-2.07184e-06
-2.07184e-06
-2.07184e-06
-2.07184e-06
-2.07184e-06
-2.07184e-06
-2.07184e-06
-2.07184e-06
-2.07184e-06
-2.07184e-06
-2.07184e-06
-2.07184e-06
-2.07184e-06
-2.07184e-06
-2.07184e-06
-2.09102e-06
-2.09102e-06
-2.09102e-06
-2.09102e-06
-2.09102e-06
-2.09102e-06
-2.09102e-06
1.20824e+07
-1.20822e+07
1.20855e+07
-1.20827e+07
1.21009e+07
-1.20899e+07
1.21164e+07
-1.21115e+07
1.21194e+07
-1.21187e+07
1.21194e+07
-1.21192e+07
1.21194e+07
-1.21192e+07
1.21215e+07
-1.21192e+07
1.214e+07
-1.21295e+07
1.21832e+07
-1.21727e+07
1.21935e+07
-1.21912e+07
-2.11021e-06
-2.11021e-06
-2.11021e-06
-2.11021e-06
1.2194e+07
-1.21932e+07
1.22012e+07
-1.21963e+07
1.22228e+07
-1.22117e+07
1.22299e+07
-1.22271e+07
1.22305e+07
-1.22302e+07
1.22305e+07
-1.22302e+07
1.22305e+07
-1.22302e+07
1.22407e+07
-1.22323e+07
1.22839e+07
-1.22508e+07
1.23024e+07
-1.22939e+07
1.23045e+07
-1.23042e+07
-2.12939e-06
-2.12939e-06
-2.12939e-06
-2.12939e-06
1.23076e+07
-1.23047e+07
1.2323e+07
-1.23119e+07
1.23384e+07
-1.23335e+07
1.23415e+07
-1.23407e+07
1.23415e+07
-1.23412e+07
1.23415e+07
-1.23412e+07
1.23435e+07
-1.23412e+07
1.2362e+07
-1.23515e+07
1.24052e+07
-1.23947e+07
1.24155e+07
-1.24132e+07
1.24155e+07
-1.24152e+07
-2.14857e-06
-2.14857e-06
-2.14857e-06
-2.14857e-06
1.24232e+07
-1.24183e+07
1.24448e+07
-1.24337e+07
1.2452e+07
-1.24492e+07
1.24525e+07
-1.24522e+07
1.24525e+07
-1.24522e+07
1.24525e+07
-1.24522e+07
1.24628e+07
-1.24543e+07
1.25059e+07
-1.24728e+07
1.25245e+07
-1.2516e+07
1.25265e+07
-1.25263e+07
1.25265e+07
-1.25263e+07
-2.16776e-06
-2.16776e-06
-2.16776e-06
-2.16776e-06
1.2545e+07
-1.2534e+07
1.25604e+07
-1.25556e+07
1.25635e+07
-1.25627e+07
1.25635e+07
-1.25633e+07
1.25635e+07
-1.25633e+07
1.25656e+07
-1.25633e+07
1.25841e+07
-1.25735e+07
1.26272e+07
-1.26167e+07
1.26375e+07
-1.26352e+07
1.26375e+07
-1.26373e+07
1.26375e+07
-1.26373e+07
-2.18694e-06
-2.18694e-06
-2.18694e-06
-2.18694e-06
1.26668e+07
-1.26558e+07
1.2674e+07
-1.26712e+07
1.26745e+07
-1.26743e+07
1.26745e+07
-1.26743e+07
1.26745e+07
-1.26743e+07
1.26848e+07
-1.26763e+07
1.2728e+07
-1.26948e+07
1.27465e+07
-1.2738e+07
1.27485e+07
-1.27483e+07
1.27485e+07
-1.27483e+07
1.27485e+07
-1.27483e+07
-2.20612e-06
-2.20612e-06
-2.20612e-06
-2.20612e-06
1.27825e+07
-1.27776e+07
1.27855e+07
-1.27848e+07
1.27855e+07
-1.27853e+07
1.27855e+07
-1.27853e+07
1.27876e+07
-1.27853e+07
1.28061e+07
-1.27956e+07
1.28493e+07
-1.28387e+07
1.28596e+07
-1.28572e+07
1.28596e+07
-1.28593e+07
1.28596e+07
-1.28593e+07
1.28601e+07
-1.28593e+07
-2.22531e-06
-2.22531e-06
-2.22531e-06
-2.22531e-06
1.28961e+07
-1.28932e+07
1.28966e+07
-1.28963e+07
1.28966e+07
-1.28963e+07
1.28966e+07
-1.28963e+07
1.29068e+07
-1.28984e+07
1.295e+07
-1.29169e+07
1.29685e+07
-1.296e+07
1.29706e+07
-1.29703e+07
1.29706e+07
-1.29703e+07
1.29706e+07
-1.29703e+07
1.29737e+07
-1.29708e+07
-2.24449e-06
-2.24449e-06
-2.24449e-06
-2.24449e-06
1.30076e+07
-1.30068e+07
1.30076e+07
-1.30073e+07
1.30076e+07
-1.30073e+07
1.30096e+07
-1.30073e+07
1.30281e+07
-1.30176e+07
1.30713e+07
-1.30608e+07
1.30816e+07
-1.30793e+07
1.30816e+07
-1.30813e+07
1.30816e+07
-1.30813e+07
1.30821e+07
-1.30813e+07
1.30893e+07
-1.30844e+07
-2.26367e-06
-2.26367e-06
-2.26367e-06
-2.26367e-06
1.31186e+07
-1.31183e+07
1.31186e+07
-1.31183e+07
1.31186e+07
-1.31183e+07
1.31289e+07
-1.31204e+07
1.31721e+07
-1.31389e+07
1.31906e+07
-1.31821e+07
1.31926e+07
-1.31924e+07
1.31926e+07
-1.31924e+07
1.31926e+07
-1.31924e+07
1.31957e+07
-1.31929e+07
1.32111e+07
-1.32001e+07
-2.28286e-06
-2.28286e-06
-2.28286e-06
-2.28286e-06
1.32296e+07
-1.32294e+07
1.32296e+07
-1.32294e+07
1.32317e+07
-1.32294e+07
1.32502e+07
-1.32396e+07
1.32934e+07
-1.32828e+07
1.33036e+07
-1.33013e+07
1.33036e+07
-1.33034e+07
1.33036e+07
-1.33034e+07
1.33041e+07
-1.33034e+07
1.33113e+07
-1.33064e+07
1.33329e+07
-1.33219e+07
-2.30204e-06
-2.30204e-06
-2.30204e-06
-2.30204e-06
-2.30204e-06
-2.30204e-06
-2.30204e-06
-2.30204e-06
-2.30204e-06
-2.30204e-06
-2.30204e-06
-2.32123e-06
-2.32123e-06
-2.32123e-06
-2.32123e-06
-2.32123e-06
-2.32123e-06
-2.32123e-06
-2.32123e-06
-2.32123e-06
-2.32123e-06
-2.32123e-06
-2.32123e-06
-2.32123e-06
-2.32123e-06
-2.32123e-06
-2.32123e-06
-2.32123e-06
-2.32123e-06
-2.32123e-06
-2.32123e-06
-2.32123e-06
-2.32123e-06
-2.32123e-06
-2.32123e-06
-2.32123e-06
-2.34041e-06
-2.34041e-06
-2.34041e-06
-2.34041e-06
-2.34041e-06
-2.34041e-06
-2.34041e-06
-2.34041e-06
-2.34041e-06
-2.34041e-06
-2.34041e-06
-2.34041e-06
-2.34041e-06
-2.34041e-06
-2.34041e-06
-2.34041e-06
-2.34041e-06
-2.34041e-06
-2.34041e-06
-2.34041e-06
1.35627e+07
-1.35624e+07
1.3573e+07
-1.35645e+07
1.36161e+07
-1.3583e+07
1.36346e+07
-1.36261e+07
1.36367e+07
-1.36364e+07
1.36367e+07
-1.36364e+07
1.36367e+07
-1.36364e+07
1.36398e+07
-1.36369e+07
1.36552e+07
-1.36441e+07
1.36706e+07
-1.36657e+07
1.36737e+07
-1.36729e+07
-2.35959e-06
-2.35959e-06
-2.35959e-06
-2.35959e-06
1.36757e+07
-1.36734e+07
1.36942e+07
-1.36837e+07
1.37374e+07
-1.37269e+07
1.37477e+07
-1.37454e+07
1.37477e+07
-1.37474e+07
1.37477e+07
-1.37474e+07
1.37482e+07
-1.37474e+07
1.37554e+07
-1.37505e+07
1.3777e+07
-1.37659e+07
1.37842e+07
-1.37813e+07
1.37847e+07
-1.37844e+07
-2.37878e-06
-2.37878e-06
-2.37878e-06
-2.37878e-06
1.3795e+07
-1.37865e+07
1.38382e+07
-1.3805e+07
1.38567e+07
-1.38482e+07
1.38587e+07
-1.38584e+07
1.38587e+07
-1.38584e+07
1.38587e+07
-1.38584e+07
1.38618e+07
-1.3859e+07
1.38772e+07
-1.38662e+07
1.38926e+07
-1.38877e+07
1.38957e+07
-1.38949e+07
1.38957e+07
-1.38954e+07
-2.39796e-06
-2.39796e-06
-2.39796e-06
-2.39796e-06
1.39163e+07
-1.39057e+07
1.39595e+07
-1.39489e+07
1.39697e+07
-1.39674e+07
1.39697e+07
-1.39695e+07
1.39697e+07
-1.39695e+07
1.39703e+07
-1.39695e+07
1.39774e+07
-1.39725e+07
1.3999e+07
-1.3988e+07
1.40062e+07
-1.40034e+07
1.40067e+07
-1.40065e+07
1.40067e+07
-1.40065e+07
-2.41714e-06
-2.41714e-06
-2.41714e-06
-2.41714e-06
1.40602e+07
-1.4027e+07
1.40787e+07
-1.40702e+07
1.40808e+07
-1.40805e+07
1.40808e+07
-1.40805e+07
1.40808e+07
-1.40805e+07
1.40838e+07
-1.4081e+07
1.40993e+07
-1.40882e+07
1.41147e+07
-1.41098e+07
1.41178e+07
-1.4117e+07
1.41178e+07
-1.41175e+07
1.41178e+07
-1.41175e+07
-2.43633e-06
-2.43633e-06
-2.43633e-06
-2.43633e-06
1.41815e+07
-1.41709e+07
1.41918e+07
-1.41894e+07
1.41918e+07
-1.41915e+07
1.41918e+07
-1.41915e+07
1.41923e+07
-1.41915e+07
1.41995e+07
-1.41946e+07
1.42211e+07
-1.421e+07
1.42283e+07
-1.42254e+07
1.42288e+07
-1.42285e+07
1.42288e+07
-1.42285e+07
1.42288e+07
-1.42285e+07
-2.45551e-06
-2.45551e-06
-2.45551e-06
-2.4747e-06
1.43007e+07
-1.42922e+07
1.43028e+07
-1.43025e+07
1.43028e+07
-1.43025e+07
1.43028e+07
-1.43025e+07
1.43059e+07
-1.4303e+07
1.43213e+07
-1.43102e+07
1.43367e+07
-1.43318e+07
1.43398e+07
-1.4339e+07
1.43398e+07
-1.43395e+07
1.43398e+07
-1.43395e+07
1.43419e+07
-1.43395e+07
-2.4747e-06
-2.4747e-06
-2.49388e-06
-2.49388e-06
1.44138e+07
-1.44115e+07
1.44138e+07
-1.44135e+07
1.44138e+07
-1.44135e+07
1.44143e+07
-1.44135e+07
1.44215e+07
-1.44166e+07
1.44431e+07
-1.4432e+07
1.44503e+07
-1.44474e+07
1.44508e+07
-1.44505e+07
1.44508e+07
-1.44505e+07
1.44508e+07
-1.44505e+07
1.44611e+07
-1.44526e+07
-2.49388e-06
-2.51306e-06
-2.51306e-06
-2.51306e-06
1.45248e+07
-1.45245e+07
1.45248e+07
-1.45245e+07
1.45248e+07
-1.45245e+07
1.45279e+07
-1.45251e+07
1.45433e+07
-1.45322e+07
1.45587e+07
-1.45538e+07
1.45618e+07
-1.4561e+07
1.45618e+07
-1.45615e+07
1.45618e+07
-1.45615e+07
1.45639e+07
-1.45615e+07
1.45824e+07
-1.45718e+07
-2.53225e-06
-2.53225e-06
-2.53225e-06
-2.53225e-06
1.46358e+07
-1.46356e+07
1.46358e+07
-1.46356e+07
1.46364e+07
-1.46356e+07
1.46436e+07
-1.46386e+07
1.46651e+07
-1.46541e+07
1.46723e+07
-1.46695e+07
1.46729e+07
-1.46726e+07
1.46729e+07
-1.46726e+07
1.46729e+07
-1.46726e+07
1.46831e+07
-1.46746e+07
1.47263e+07
-1.46931e+07
-2.55143e-06
-2.55143e-06
-2.55143e-06
-2.55143e-06
1.47469e+07
-1.47466e+07
1.47469e+07
-1.47466e+07
1.47499e+07
-1.47471e+07
1.47654e+07
-1.47543e+07
1.47808e+07
-1.47759e+07
1.47839e+07
-1.47831e+07
1.47839e+07
-1.47836e+07
1.47839e+07
-1.47836e+07
1.47859e+07
-1.47836e+07
1.48044e+07
-1.47939e+07
1.48476e+07
-1.4837e+07
-2.57061e-06
-2.57061e-06
-2.57061e-06
-2.57061e-06
-2.57061e-06
-2.57061e-06
-2.57061e-06
-2.57061e-06
-2.57061e-06
-2.57061e-06
-2.57061e-06
-2.57061e-06
-2.57061e-06
-2.57061e-06
-2.57061e-06
-2.57061e-06
-2.57061e-06
-2.57061e-06
-2.57061e-06
-2.57061e-06
-2.57061e-06
-2.57061e-06
-2.57061e-06
-2.5898e-06
-2.5898e-06
-2.5898e-06
-2.5898e-06
-2.5898e-06
-2.5898e-06
-2.5898e-06
-2.5898e-06
-2.5898e-06
-2.5898e-06
-2.5898e-06
-2.5898e-06
-2.5898e-06
-2.5898e-06
-2.5898e-06
-2.5898e-06
-2.5898e-06
-2.5898e-06
-2.5898e-06
-2.5898e-06
-2.5898e-06
-2.5898e-06
-2.5898e-06
-2.5898e-06
-2.5898e-06
-2.60898e-06
-2.60898e-06
-2.60898e-06
-2.60898e-06
-2.60898e-06
-2.60898e-06
-2.60898e-06
-2.60898e-06
1.50804e+07
-1.50796e+07
1.50876e+07
-1.50827e+07
1.51092e+07
-1.50981e+07
1.51164e+07
-1.51135e+07
1.51169e+07
-1.51166e+07
1.51169e+07
-1.51166e+07
1.51169e+07
-1.51166e+07
1.51272e+07
-1.51187e+07
1.51704e+07
-1.51372e+07
1.51889e+07
-1.51804e+07
1.51909e+07
-1.51906e+07
-2.62816e-06
-2.62816e-06
-2.62816e-06
-2.62816e-06
1.5194e+07
-1.51911e+07
1.52094e+07
-1.51983e+07
1.52249e+07
-1.52199e+07
1.52279e+07
-1.52271e+07
1.52279e+07
-1.52276e+07
1.52279e+07
-1.52276e+07
1.523e+07
-1.52276e+07
1.52485e+07
-1.52379e+07
1.52917e+07
-1.52811e+07
1.5302e+07
-1.52996e+07
1.5302e+07
-1.53016e+07
-2.64735e-06
-2.64735e-06
-2.64735e-06
-2.64735e-06
1.53097e+07
-1.53047e+07
1.53312e+07
-1.53201e+07
1.53384e+07
-1.53356e+07
1.5339e+07
-1.53387e+07
1.5339e+07
-1.53387e+07
1.5339e+07
-1.53387e+07
1.53492e+07
-1.53407e+07
1.53924e+07
-1.53592e+07
1.54109e+07
-1.54024e+07
1.5413e+07
-1.54127e+07
1.5413e+07
-1.54127e+07
-2.66653e-06
-2.66653e-06
-2.66653e-06
-2.66653e-06
1.54315e+07
-1.54204e+07
1.54469e+07
-1.5442e+07
1.545e+07
-1.54492e+07
1.545e+07
-1.54497e+07
1.545e+07
-1.54497e+07
1.5452e+07
-1.54497e+07
1.54705e+07
-1.54599e+07
1.55137e+07
-1.55031e+07
1.5524e+07
-1.55216e+07
1.5524e+07
-1.55237e+07
1.5524e+07
-1.55237e+07
-2.68572e-06
-2.68572e-06
-2.68572e-06
-2.68572e-06
1.55533e+07
-1.55422e+07
1.55605e+07
-1.55576e+07
1.5561e+07
-1.55607e+07
1.5561e+07
-1.55607e+07
1.5561e+07
-1.55607e+07
1.55713e+07
-1.55627e+07
1.56144e+07
-1.55812e+07
1.56329e+07
-1.56244e+07
1.5635e+07
-1.56347e+07
1.5635e+07
-1.56347e+07
1.5635e+07
-1.56347e+07
-2.7049e-06
-2.7049e-06
-2.7049e-06
-2.7049e-06
1.56689e+07
-1.5664e+07
1.5672e+07
-1.56712e+07
1.5672e+07
-1.56717e+07
1.5672e+07
-1.56717e+07
1.56741e+07
-1.56717e+07
1.56926e+07
-1.5682e+07
1.57357e+07
-1.57251e+07
1.5746e+07
-1.57437e+07
1.5746e+07
-1.57457e+07
1.5746e+07
-1.57457e+07
1.57465e+07
-1.57457e+07
-2.72408e-06
-2.72408e-06
-2.72408e-06
-2.72408e-06
1.57825e+07
-1.57796e+07
1.5783e+07
-1.57827e+07
1.5783e+07
-1.57827e+07
1.5783e+07
-1.57827e+07
1.57933e+07
-1.57848e+07
1.58365e+07
-1.58033e+07
1.5855e+07
-1.58464e+07
1.5857e+07
-1.58567e+07
1.5857e+07
-1.58567e+07
1.5857e+07
-1.58567e+07
1.58601e+07
-1.58572e+07
-2.74327e-06
-2.74327e-06
-2.74327e-06
-2.74327e-06
1.5894e+07
-1.58932e+07
1.5894e+07
-1.58937e+07
1.5894e+07
-1.58937e+07
1.58961e+07
-1.58937e+07
1.59146e+07
-1.5904e+07
1.59578e+07
-1.59472e+07
1.59681e+07
-1.59657e+07
1.59681e+07
-1.59677e+07
1.59681e+07
-1.59677e+07
1.59686e+07
-1.59677e+07
1.59758e+07
-1.59708e+07
-2.76245e-06
-2.76245e-06
-2.76245e-06
-2.76245e-06
1.60051e+07
-1.60047e+07
1.60051e+07
-1.60047e+07
1.60051e+07
-1.60047e+07
1.60153e+07
-1.60068e+07
1.60585e+07
-1.60253e+07
1.6077e+07
-1.60685e+07
1.60791e+07
-1.60788e+07
1.60791e+07
-1.60788e+07
1.60791e+07
-1.60788e+07
1.60822e+07
-1.60793e+07
1.60976e+07
-1.60865e+07
-2.78163e-06
-2.78163e-06
-2.78163e-06
-2.78163e-06
1.61161e+07
-1.61158e+07
1.61161e+07
-1.61158e+07
1.61181e+07
-1.61158e+07
1.61366e+07
-1.6126e+07
1.61798e+07
-1.61692e+07
1.61901e+07
-1.61877e+07
1.61901e+07
-1.61898e+07
1.61901e+07
-1.61898e+07
1.61906e+07
-1.61898e+07
1.61978e+07
-1.61929e+07
1.62194e+07
-1.62083e+07
-2.80082e-06
-2.80082e-06
-2.80082e-06
-2.80082e-06
1.62271e+07
-1.62268e+07
1.62271e+07
-1.62268e+07
1.62374e+07
-1.62288e+07
1.62806e+07
-1.62473e+07
1.62991e+07
-1.62905e+07
1.63011e+07
-1.63008e+07
1.63011e+07
-1.63008e+07
1.63011e+07
-1.63008e+07
1.63042e+07
-1.63013e+07
1.63196e+07
-1.63085e+07
1.6335e+07
-1.63301e+07
-2.82e-06
-2.82e-06
-2.82e-06
-2.82e-06
-2.82e-06
-2.82e-06
-2.82e-06
-2.82e-06
-2.82e-06
-2.82e-06
-2.83918e-06
-2.83918e-06
-2.83918e-06
-2.83918e-06
-2.83918e-06
-2.83918e-06
-2.83918e-06
-2.83918e-06
-2.83918e-06
-2.83918e-06
-2.83918e-06
-2.83918e-06
-2.83918e-06
-2.83918e-06
-2.83918e-06
-2.83918e-06
-2.83918e-06
-2.83918e-06
-2.83918e-06
-2.83918e-06
-2.83918e-06
-2.83918e-06
-2.83918e-06
-2.83918e-06
-2.83918e-06
-2.85837e-06
-2.85837e-06
-2.85837e-06
-2.85837e-06
-2.85837e-06
-2.85837e-06
-2.85837e-06
-2.85837e-06
-2.85837e-06
-2.85837e-06
-2.85837e-06
-2.85837e-06
-2.85837e-06
-2.85837e-06
-2.85837e-06
-2.85837e-06
-2.85837e-06
-2.85837e-06
-2.85837e-06
-2.85837e-06
-2.85837e-06
1.65622e+07
-1.65598e+07
1.65807e+07
-1.65701e+07
1.66239e+07
-1.66133e+07
1.66342e+07
-1.66318e+07
1.66342e+07
-1.66338e+07
1.66342e+07
-1.66338e+07
1.66347e+07
-1.66338e+07
1.66419e+07
-1.66369e+07
1.66635e+07
-1.66523e+07
1.66707e+07
-1.66678e+07
1.66712e+07
-1.66708e+07
-2.87755e-06
-2.87755e-06
-2.87755e-06
-2.87755e-06
1.66815e+07
-1.66729e+07
1.67246e+07
-1.66914e+07
1.67431e+07
-1.67346e+07
1.67452e+07
-1.67448e+07
1.67452e+07
-1.67448e+07
1.67452e+07
-1.67448e+07
1.67483e+07
-1.67454e+07
1.67637e+07
-1.67526e+07
1.67791e+07
-1.67741e+07
1.67822e+07
-1.67813e+07
1.67822e+07
-1.67819e+07
-2.89674e-06
-2.89674e-06
-2.89674e-06
-2.89674e-06
1.68027e+07
-1.67921e+07
1.68459e+07
-1.68353e+07
1.68562e+07
-1.68538e+07
1.68562e+07
-1.68559e+07
1.68562e+07
-1.68559e+07
1.68567e+07
-1.68559e+07
1.68639e+07
-1.68589e+07
1.68855e+07
-1.68744e+07
1.68927e+07
-1.68898e+07
1.68932e+07
-1.68929e+07
1.68932e+07
-1.68929e+07
-2.91592e-06
-2.91592e-06
-2.91592e-06
-2.91592e-06
1.69467e+07
-1.69134e+07
1.69652e+07
-1.69566e+07
1.69672e+07
-1.69669e+07
1.69672e+07
-1.69669e+07
1.69672e+07
-1.69669e+07
1.69703e+07
-1.69674e+07
1.69857e+07
-1.69746e+07
1.70011e+07
-1.69962e+07
1.70042e+07
-1.70034e+07
1.70042e+07
-1.70039e+07
1.70042e+07
-1.70039e+07
-2.9351e-06
-2.9351e-06
-2.9351e-06
-2.9351e-06
1.7068e+07
-1.70573e+07
1.70782e+07
-1.70758e+07
1.70782e+07
-1.70779e+07
1.70782e+07
-1.70779e+07
1.70788e+07
-1.70779e+07
1.70859e+07
-1.7081e+07
1.71075e+07
-1.70964e+07
1.71147e+07
-1.71118e+07
1.71152e+07
-1.71149e+07
1.71152e+07
-1.71149e+07
1.71152e+07
-1.71149e+07
-2.95429e-06
-2.95429e-06
-2.95429e-06
-2.97347e-06
1.71872e+07
-1.71786e+07
1.71893e+07
-1.71889e+07
1.71893e+07
-1.71889e+07
1.71893e+07
-1.71889e+07
1.71923e+07
-1.71894e+07
1.72078e+07
-1.71966e+07
1.72232e+07
-1.72182e+07
1.72263e+07
-1.72254e+07
1.72263e+07
-1.72259e+07
1.72263e+07
-1.72259e+07
1.72283e+07
-1.72259e+07
-2.97347e-06
-2.97347e-06
-2.99265e-06
-2.99265e-06
1.73003e+07
-1.72979e+07
1.73003e+07
-1.72999e+07
1.73003e+07
-1.72999e+07
1.73008e+07
-1.72999e+07
1.7308e+07
-1.7303e+07
1.73296e+07
-1.73184e+07
1.73368e+07
-1.73338e+07
1.73373e+07
-1.73369e+07
1.73373e+07
-1.73369e+07
1.73373e+07
-1.73369e+07
1.73476e+07
-1.7339e+07
-2.99265e-06
-3.01184e-06
-3.01184e-06
-3.01184e-06
1.74113e+07
-1.74109e+07
1.74113e+07
-1.74109e+07
1.74113e+07
-1.74109e+07
1.74144e+07
-1.74115e+07
1.74298e+07
-1.74187e+07
1.74452e+07
-1.74402e+07
1.74483e+07
-1.74474e+07
1.74483e+07
-1.74479e+07
1.74483e+07
-1.74479e+07
1.74504e+07
-1.74479e+07
1.74689e+07
-1.74582e+07
-3.03102e-06
-3.03102e-06
-3.03102e-06
-3.03102e-06
1.75223e+07
-1.7522e+07
1.75223e+07
-1.7522e+07
1.75228e+07
-1.7522e+07
1.753e+07
-1.7525e+07
1.75516e+07
-1.75405e+07
1.75588e+07
-1.75559e+07
1.75593e+07
-1.7559e+07
1.75593e+07
-1.7559e+07
1.75593e+07
-1.7559e+07
1.75696e+07
-1.7561e+07
1.76128e+07
-1.75795e+07
-3.05021e-06
-3.05021e-06
-3.05021e-06
-3.05021e-06
1.76333e+07
-1.7633e+07
1.76333e+07
-1.7633e+07
1.76364e+07
-1.76335e+07
1.76518e+07
-1.76407e+07
1.76672e+07
-1.76623e+07
1.76703e+07
-1.76695e+07
1.76703e+07
-1.767e+07
1.76703e+07
-1.767e+07
1.76724e+07
-1.767e+07
1.76909e+07
-1.76803e+07
1.77341e+07
-1.77234e+07
-3.06939e-06
-3.06939e-06
-3.06939e-06
-3.06939e-06
1.77443e+07
-1.7744e+07
1.77449e+07
-1.7744e+07
1.77521e+07
-1.77471e+07
1.77736e+07
-1.77625e+07
1.77808e+07
-1.77779e+07
1.77813e+07
-1.7781e+07
1.77813e+07
-1.7781e+07
1.77813e+07
-1.7781e+07
1.77916e+07
-1.7783e+07
1.78348e+07
-1.78016e+07
1.78533e+07
-1.78447e+07
-3.08857e-06
-3.08857e-06
-3.08857e-06
-3.08857e-06
-3.08857e-06
-3.08857e-06
-3.08857e-06
-3.08857e-06
-3.08857e-06
-3.08857e-06
-3.08857e-06
-3.08857e-06
-3.08857e-06
-3.08857e-06
-3.08857e-06
-3.08857e-06
-3.08857e-06
-3.08857e-06
-3.08857e-06
-3.08857e-06
-3.08857e-06
-3.08857e-06
-3.10776e-06
-3.10776e-06
-3.10776e-06
-3.10776e-06
-3.10776e-06
-3.10776e-06
-3.10776e-06
-3.10776e-06
-3.10776e-06
-3.10776e-06
-3.10776e-06
-3.10776e-06
-3.10776e-06
-3.10776e-06
-3.10776e-06
-3.10776e-06
-3.10776e-06
-3.10776e-06
-3.10776e-06
-3.10776e-06
-3.10776e-06
-3.10776e-06
-3.10776e-06
-3.10776e-06
-3.10776e-06
-3.12694e-06
-3.12694e-06
-3.12694e-06
-3.12694e-06
-3.12694e-06
-3.12694e-06
-3.12694e-06
-3.12694e-06
-3.12694e-06
-3.12694e-06
-3.12694e-06
-3.12694e-06
-3.12694e-06
-3.12694e-06
-3.12694e-06
-3.12694e-06
-3.12694e-06
-3.12694e-06
-3.12694e-06
-3.12694e-06
-3.12694e-06
-3.12694e-06
-3.12694e-06
-3.12694e-06
-3.12694e-06
-3.14612e-06
-3.14612e-06
-3.14612e-06
-3.14612e-06
-3.14612e-06
-3.14612e-06
-3.14612e-06
-3.14612e-06
-3.14612e-06
-3.14612e-06
-3.14612e-06
-3.14612e-06
-3.14612e-06
-3.14612e-06
-3.14612e-06
-3.14612e-06
-3.14612e-06
-3.14612e-06
-3.14612e-06
-3.14612e-06
-3.14612e-06
-3.14612e-06
-3.14612e-06
-3.14612e-06
-3.14612e-06
-3.16531e-06
-3.16531e-06
-3.16531e-06
-3.16531e-06
-3.16531e-06
-3.16531e-06
-3.16531e-06
-3.16531e-06
-3.16531e-06
-3.16531e-06
-3.16531e-06
-3.16531e-06
-3.16531e-06
-3.16531e-06
-3.16531e-06
-3.16531e-06
-3.16531e-06
-3.16531e-06
-3.16531e-06
-3.16531e-06
-3.16531e-06
-3.16531e-06
-3.16531e-06
-3.16531e-06
-3.16531e-06
-3.18449e-06
-3.18449e-06
-3.18449e-06
-3.18449e-06
-3.18449e-06
-3.18449e-06
-3.18449e-06
-3.18449e-06
-3.18449e-06
-3.18449e-06
-3.18449e-06
-3.18449e-06
-3.18449e-06
-3.18449e-06
-3.18449e-06
-3.18449e-06
-3.18449e-06
-3.18449e-06
-3.18449e-06
-3.18449e-06
-3.18449e-06
-3.18449e-06
-3.18449e-06
-3.18449e-06
-3.18449e-06
-3.20367e-06
-3.20367e-06
-3.20367e-06
-3.20367e-06
-3.20367e-06
-3.20367e-06
-3.20367e-06
-3.20367e-06
-3.20367e-06
-3.20367e-06
-3.20367e-06
-3.20367e-06
-3.20367e-06
-3.20367e-06
-3.20367e-06
-3.20367e-06
-3.20367e-06
-3.20367e-06
-3.20367e-06
-3.20367e-06
-3.20367e-06
-3.20367e-06
-3.20367e-06
-3.20367e-06
-3.20367e-06
-3.22286e-06
-3.22286e-06
-3.22286e-06
-3.22286e-06
-3.22286e-06
-3.22286e-06
-3.22286e-06
-3.22286e-06
-3.22286e-06
-3.22286e-06
-3.22286e-06
-3.22286e-06
-3.22286e-06
-3.22286e-06
-3.22286e-06
-3.22286e-06
-3.22286e-06
-3.22286e-06
-3.22286e-06
-3.22286e-06
-3.22286e-06
-3.22286e-06
-3.22286e-06
-3.22286e-06
-3.22286e-06
-3.24204e-06
-3.24204e-06
-3.24204e-06
-3.24204e-06
-3.24204e-06
-3.24204e-06
-3.24204e-06
-3.24204e-06
-3.24204e-06
-3.24204e-06
-3.24204e-06
-3.24204e-06
-3.24204e-06
-3.24204e-06
-3.24204e-06
-3.24204e-06
-3.24204e-06
-3.24204e-06
-3.24204e-06
-3.24204e-06
-3.24204e-06
-3.24204e-06
-3.24204e-06
-3.24204e-06
-3.24204e-06
-3.26123e-06
-3.26123e-06
-3.26123e-06
-3.26123e-06
-3.26123e-06
-3.26123e-06
-3.26123e-06
-3.26123e-06
-3.26123e-06
-3.26123e-06
-3.26123e-06
-3.26123e-06
-3.26123e-06
-3.26123e-06
-3.26123e-06
-3.26123e-06
-3.26123e-06
-3.26123e-06
-3.26123e-06
-3.26123e-06
-3.26123e-06
-3.26123e-06
-3.26123e-06
-3.26123e-06
-3.26123e-06
-3.28041e-06
-3.28041e-06
-3.28041e-06
-3.28041e-06
-3.28041e-06
-3.28041e-06
-3.28041e-06
-3.28041e-06
-3.28041e-06
-3.28041e-06
-3.28041e-06
-3.28041e-06
-3.28041e-06
-3.28041e-06
-3.28041e-06
-3.28041e-06
-3.28041e-06
-3.28041e-06
-3.28041e-06
-3.28041e-06
-3.28041e-06
-3.28041e-06
-3.28041e-06
-3.28041e-06
-3.28041e-06
-3.29959e-06
-3.29959e-06
-3.29959e-06
-3.29959e-06
-3.29959e-06
-3.29959e-06
-3.29959e-06
-3.29959e-06
-3.29959e-06
-3.29959e-06
-3.29959e-06
-3.29959e-06
-3.29959e-06
-3.29959e-06
-3.29959e-06
-3.29959e-06
-3.29959e-06
-3.29959e-06
-3.29959e-06
-3.29959e-06
-3.29959e-06
-3.29959e-06
-3.29959e-06
-3.29959e-06
-3.29959e-06
-3.31878e-06
-3.31878e-06
-3.31878e-06
-3.31878e-06
-3.31878e-06
-3.31878e-06
-3.31878e-06
-3.31878e-06
-3.31878e-06
-3.31878e-06
-3.31878e-06
-3.31878e-06
-3.31878e-06
-3.31878e-06
-3.31878e-06
-3.31878e-06
-3.31878e-06
-3.31878e-06
-3.31878e-06
-3.31878e-06
-3.31878e-06
-3.31878e-06
-3.31878e-06
-3.31878e-06
-3.31878e-06
-3.33796e-06
-3.33796e-06
-3.33796e-06
-3.33796e-06
-3.33796e-06
-3.33796e-06
-3.33796e-06
-3.33796e-06
-3.33796e-06
-3.33796e-06
-3.33796e-06
-3.33796e-06
-3.33796e-06
-3.33796e-06
-3.33796e-06
-3.33796e-06
-3.33796e-06
-3.33796e-06
-3.33796e-06
-3.33796e-06
-3.33796e-06
-3.33796e-06
-3.33796e-06
-3.33796e-06
-3.33796e-06
-3.35714e-06
-3.35714e-06
-3.35714e-06
-3.35714e-06
-3.35714e-06
-3.35714e-06
-3.35714e-06
-3.35714e-06
-3.35714e-06
-3.35714e-06
-3.35714e-06
-3.35714e-06
-3.35714e-06
-3.35714e-06
-3.35714e-06
-3.35714e-06
-3.35714e-06
-3.35714e-06
-3.35714e-06
